0.9941 0.7651
0.9942 0.7673
0.9940 0.7661
0.9941 0.7652
0.9942 0.7666
0.9943 0.7672
0.9943 0.7683
0.9944 0.7687
0.9943 0.7339
0.9943 0.7691
0.9943 0.7649
0.9942 0.7620
0.9943 0.7564
0.9944 0.7829
0.9945 0.7787
0.9944 0.7785
0.9943 0.7590
0.9943 0.7799
0.9944 0.7954
0.9945 0.7846
0.9945 0.7805
0.9945 0.7820
0.9945 0.7825
0.9944 0.7802
0.9944 0.7816
0.9945 0.7829
0.9946 0.7884
0.9946 0.7928
0.9946 0.7890
0.9947 0.7844
0.9945 0.7830
0.9946 0.7815
0.9945 0.7743
0.9946 0.7808
0.9947 0.7767
0.9947 0.7792
0.9947 0.7786
0.9947 0.7812
0.9946 0.7352
0.9945 0.7609
0.9946 0.7624
0.9947 0.7643
0.9945 0.7618
0.9946 0.7390
0.9946 0.7400
0.9945 0.7380
0.9946 0.7349
0.9946 0.7367
0.9945 0.7248
0.9945 0.7235
0.9945 0.7287
0.9945 0.7203
0.9945 0.7160
0.9945 0.7400
0.9945 0.7580
0.9946 0.7555
0.9946 0.7619
0.9948 0.7709
0.9949 0.7720
0.9948 0.7537
0.9948 0.7513
0.9948 0.7755
0.9948 0.7744
0.9949 0.7752
0.9949 0.7499
0.9949 0.7704
0.9949 0.7751
0.9949 0.7522
0.9949 0.7869
0.9949 0.7855
0.9949 0.7883
0.9948 0.7800
0.9948 0.7848
0.9950 0.7920
0.9949 0.7892
0.9948 0.7852
0.9948 0.7840
0.9948 0.7825
0.9947 0.7916
0.9946 0.7912
0.9946 0.7953
0.9945 0.7904
0.9944 0.7884
0.9944 0.7887
0.9944 0.8028
0.9944 0.8093
0.9944 0.8034
0.9944 0.8023
0.9945 0.8013
0.9945 0.8120
0.9946 0.7997
0.9945 0.7967
0.9946 0.8044
0.9947 0.7755
0.9948 0.7816
0.9947 0.8061
0.9948 0.8070
0.9947 0.8059
0.9947 0.8083
0.9947 0.8050
0.9948 0.8141
0.9948 0.8160
0.9948 0.8158
0.9949 0.7994
0.9949 0.7970
0.9949 0.7925
0.9949 0.7965
0.9950 0.7951
0.9949 0.7882
0.9949 0.7576
0.9949 0.7613
0.9949 0.7693
0.9950 0.7718
0.9950 0.7905
0.9950 0.7707
0.9951 0.7783
0.9951 0.7713
0.9951 0.7891
0.9951 0.7874
0.9952 0.7861
0.9951 0.7556
0.9951 0.7537
0.9951 0.7502
0.9950 0.7446
0.9950 0.7477
0.9950 0.7477
0.9951 0.7460
0.9950 0.7637
0.9950 0.7631
0.9950 0.7627
0.9950 0.7698
0.9950 0.7684
0.9950 0.7713
0.9949 0.7698
0.9950 0.7691
0.9951 0.7565
0.9950 0.7477
0.9948 0.7428
0.9947 0.7107
0.9947 0.7353
0.9947 0.7395
0.9948 0.7419
0.9948 0.7203
0.9948 0.7167
0.9948 0.7229
0.9948 0.7231
0.9948 0.7259
0.9948 0.7190
0.9949 0.7215
0.9948 0.7212
0.9948 0.7184
0.9947 0.7134
0.9947 0.6909
0.9948 0.7024
0.9948 0.7020
0.9948 0.7106
0.9949 0.7124
0.9950 0.7166
0.9951 0.7177
0.9950 0.7161
0.9950 0.7142
0.9951 0.7220
0.9952 0.7278
0.9953 0.7272
0.9953 0.6996
0.9953 0.7051
0.9953 0.7019
0.9953 0.7017
0.9953 0.7062
0.9954 0.7038
0.9954 0.7067
0.9955 0.7076
0.9955 0.7074
0.9955 0.7080
0.9955 0.6996
0.9955 0.6999
0.9955 0.7258
0.9956 0.7271
0.9955 0.7257
0.9955 0.7282
0.9955 0.7186
0.9955 0.7237
0.9955 0.7220
0.9955 0.7194
0.9954 0.7462
0.9954 0.7436
0.9953 0.7409
0.9953 0.7409
0.9952 0.7615
0.9952 0.7629
0.9952 0.7625
0.9953 0.7551
0.9952 0.7569
0.9951 0.7568
0.9951 0.7524
0.9951 0.7532
0.9949 0.7498
0.9949 0.7491
0.9949 0.7507
0.9948 0.7538
0.9949 0.7738
0.9949 0.7503
0.9949 0.7484
0.9949 0.7443
0.9949 0.7471
0.9948 0.7488
0.9949 0.7455
0.9949 0.7371
0.9949 0.7470
0.9950 0.7175
0.9950 0.7270
0.9950 0.7340
0.9950 0.7376
0.9950 0.7197
0.9950 0.7215
0.9951 0.7292
0.9950 0.7215
0.9951 0.7191
0.9951 0.7523
0.9951 0.7487
0.9950 0.7532
0.9949 0.7486
0.9949 0.7500
0.9949 0.7511
0.9950 0.7483
0.9950 0.7368
0.9951 0.7411
0.9951 0.7387
0.9952 0.7381
0.9953 0.7376
0.9952 0.7335
0.9952 0.7424
0.9953 0.7426
0.9953 0.7415
0.9952 0.7405
0.9952 0.7295
0.9952 0.7223
0.9952 0.7228
0.9953 0.7203
0.9954 0.7237
0.9953 0.7153
0.9953 0.7122
0.9953 0.7041
0.9954 0.6701
0.9953 0.6829
0.9954 0.6892
0.9954 0.6952
0.9954 0.6944
0.9953 0.6970
0.9954 0.6983
0.9954 0.7020
0.9953 0.7283
0.9953 0.7243
0.9953 0.7299
0.9952 0.7304
0.9951 0.7270
0.9952 0.7227
0.9951 0.7283
0.9950 0.7198
0.9951 0.7243
0.9949 0.7465
0.9949 0.7476
0.9949 0.7444
0.9948 0.7449
0.9949 0.7642
0.9949 0.7627
0.9949 0.7644
0.9949 0.7646
0.9949 0.7873
0.9950 0.7904
0.9949 0.7961
0.9949 0.7925
0.9949 0.7936
0.9949 0.7998
0.9949 0.8132
0.9949 0.8049
0.9949 0.7905
0.9948 0.7876
0.9950 0.7893
0.9950 0.7913
0.9951 0.8007
0.9951 0.7985
0.9952 0.8024
0.9951 0.7997
0.9952 0.8010
0.9952 0.7884
0.9952 0.7874
0.9952 0.7838
0.9951 0.7822
0.9951 0.7643
0.9950 0.7686
0.9952 0.7692
0.9951 0.7693
0.9950 0.7386
0.9950 0.7433
0.9951 0.7300
0.9953 0.7405
0.9952 0.7352
0.9953 0.7377
0.9953 0.7026
0.9954 0.7051
0.9953 0.7356
0.9954 0.7412
0.9954 0.7429
0.9955 0.7392
0.9954 0.7360
0.9954 0.7351
0.9954 0.7359
0.9954 0.7347
0.9953 0.7243
0.9954 0.7251
0.9954 0.7237
0.9955 0.7514
0.9955 0.7550
0.9955 0.7585
0.9955 0.7622
0.9955 0.7629
0.9956 0.7684
0.9956 0.7707
0.9955 0.7625
0.9954 0.7852
0.9954 0.7841
0.9954 0.7857
0.9954 0.7952
0.9955 0.7950
0.9954 0.7932
0.9954 0.7760
0.9953 0.7768
0.9953 0.7741
0.9952 0.7690
0.9951 0.7622
0.9951 0.7647
0.9952 0.7649
0.9952 0.7639
0.9953 0.7724
0.9953 0.7722
0.9953 0.7696
0.9953 0.7411
0.9953 0.7422
0.9952 0.7310
0.9953 0.7187
0.9952 0.7477
0.9951 0.7507
0.9953 0.7548
0.9953 0.7791
0.9952 0.7528
0.9951 0.7539
0.9952 0.7588
0.9952 0.7318
0.9952 0.7536
0.9953 0.7522
0.9953 0.7525
0.9953 0.7708
0.9953 0.7731
0.9953 0.7796
0.9954 0.7802
0.9955 0.7998
0.9955 0.8036
0.9955 0.8038
0.9954 0.7997
0.9953 0.8016
0.9953 0.7980
0.9953 0.8058
0.9953 0.8085
0.9953 0.8192
0.9951 0.8166
0.9952 0.8087
0.9951 0.8053
0.9951 0.8009
0.9951 0.7779
0.9952 0.7889
0.9953 0.8058
0.9951 0.7991
0.9951 0.8017
0.9951 0.7876
0.9950 0.7871
0.9949 0.7877
0.9948 0.7725
0.9947 0.7695
0.9948 0.7745
0.9947 0.7740
0.9947 0.7500
0.9946 0.7467
0.9946 0.7462
0.9945 0.7471
0.9945 0.7526
0.9946 0.7721
0.9947 0.7734
0.9946 0.7759
0.9947 0.7522
0.9947 0.7776
0.9948 0.7801
0.9948 0.7782
0.9947 0.7750
0.9947 0.7790
0.9948 0.7774
0.9948 0.7541
0.9946 0.7514
0.9947 0.7492
0.9947 0.7534
0.9947 0.7687
0.9947 0.7631
0.9948 0.7615
0.9947 0.7648
0.9947 0.7695
0.9948 0.7715
0.9947 0.7741
0.9947 0.7647
0.9946 0.7639
0.9947 0.7579
0.9947 0.7581
0.9945 0.7380
0.9946 0.7565
0.9946 0.7574
0.9946 0.7570
0.9946 0.7378
0.9944 0.7381
0.9944 0.7378
0.9945 0.7449
0.9945 0.7493
0.9944 0.7457
0.9944 0.7446
0.9945 0.7712
0.9946 0.7877
0.9946 0.7877
0.9946 0.7843
0.9947 0.7873
0.9947 0.7889
0.9947 0.7901
0.9948 0.7888
0.9947 0.7874
0.9947 0.7878
0.9947 0.7874
0.9949 0.7912
0.9949 0.7927
0.9950 0.7937
0.9951 0.8018
0.9951 0.8000
0.9951 0.7934
0.9951 0.8002
0.9951 0.7981
0.9952 0.8011
0.9952 0.8051
0.9951 0.7919
0.9951 0.7919
0.9952 0.8135
0.9952 0.8078
0.9952 0.7950
0.9951 0.7749
0.9950 0.7713
0.9950 0.7414
0.9949 0.7406
0.9948 0.7377
0.9950 0.7387
0.9950 0.7602
0.9949 0.7394
0.9948 0.7413
0.9948 0.7423
0.9948 0.7368
0.9947 0.7330
0.9948 0.7366
0.9946 0.7303
0.9945 0.6913
0.9945 0.7133
0.9945 0.7183
0.9943 0.7039
0.9943 0.7033
0.9943 0.6916
0.9944 0.7008
0.9944 0.6975
0.9944 0.6650
0.9944 0.6703
0.9945 0.6762
0.9944 0.6800
0.9944 0.6810
0.9945 0.6928
0.9946 0.6978
0.9947 0.7072
0.9946 0.7093
0.9947 0.6974
0.9947 0.7244
0.9948 0.7185
0.9948 0.7130
0.9947 0.7453
0.9948 0.7473
0.9947 0.7448
0.9948 0.7740
0.9947 0.7721
0.9947 0.7577
0.9946 0.7472
0.9948 0.7610
0.9948 0.7537
0.9948 0.7506
0.9947 0.7714
0.9947 0.7654
0.9947 0.7662
0.9946 0.7815
0.9946 0.7814
0.9947 0.7879
0.9947 0.7840
0.9947 0.8015
0.9947 0.8026
0.9947 0.7987
0.9946 0.7948
0.9947 0.7745
0.9947 0.7754
0.9947 0.7831
0.9947 0.7830
0.9948 0.7701
0.9948 0.7690
0.9948 0.7744
0.9947 0.7610
0.9948 0.7678
0.9948 0.7667
0.9948 0.7725
0.9948 0.7612
0.9947 0.7556
0.9948 0.7538
0.9948 0.7393
0.9948 0.7437
0.9948 0.7453
0.9949 0.7490
0.9949 0.7614
0.9949 0.7542
0.9949 0.7620
0.9948 0.7380
0.9948 0.7335
0.9949 0.7549
0.9949 0.7554
0.9949 0.7543
0.9948 0.7903
0.9947 0.7917
0.9947 0.7986
0.9946 0.7999
0.9946 0.8007
0.9946 0.7988
0.9946 0.7915
0.9945 0.8093
0.9945 0.8085
0.9944 0.8195
0.9945 0.8195
0.9946 0.8194
0.9947 0.8188
0.9947 0.8232
0.9947 0.8220
0.9946 0.8226
0.9946 0.8104
0.9946 0.7921
0.9945 0.8123
0.9943 0.8093
0.9943 0.8063
0.9943 0.8029
0.9944 0.8084
0.9943 0.7958
0.9942 0.7896
0.9942 0.7904
0.9942 0.7882
0.9942 0.7945
0.9944 0.8256
0.9945 0.8229
0.9944 0.8286
0.9945 0.8345
0.9945 0.8273
0.9945 0.8244
0.9944 0.8224
0.9944 0.8281
0.9941 0.8376
0.9938 0.8347
0.9934 0.8452
0.9934 0.8530
0.9935 0.8553
0.9934 0.8611
0.9934 0.8672
0.9935 0.8602
0.9934 0.8524
0.9928 0.7970
0.9920 0.7058
0.9911 0.6533
0.9899 0.6660
0.9878 0.8408
0.9853 0.8919
0.9803 0.9132
0.9706 0.8964
0.8971 0.8603
0.8358 0.8476
0.8103 0.8446
0.7882 0.8461
0.7877 0.8443
0.7830 0.8452
0.7797 0.8407
0.7797 0.8405
0.7723 0.8375
0.7699 0.8377
0.7699 0.8375
0.7791 0.8429
0.7791 0.8449
0.7543 0.8581
0.7582 0.8582
0.7590 0.8603
0.7627 0.8597
0.7590 0.8607
0.7695 0.8671
0.8047 0.8707
0.8646 0.8772
0.9816 0.8578
0.9883 0.8068
0.9901 0.7159
0.9916 0.6799
0.9920 0.7818
0.9925 0.8183
0.9926 0.8554
0.9931 0.9313
0.9931 0.9322
0.9932 0.9307
0.9932 0.9336
0.9931 0.9367
0.9934 0.9372
0.9930 0.9219
0.9925 0.8955
0.9917 0.8604
0.9905 0.8366
0.9898 0.8023
0.9874 0.8678
0.9821 0.9075
0.9496 0.9296
0.8721 0.9371
0.8188 0.9442
0.7821 0.9449
0.7510 0.9253
0.7249 0.9141
0.7249 0.9112
0.7265 0.9095
0.7257 0.9110
0.7249 0.9133
0.7249 0.9128
0.7278 0.9155
0.7299 0.9146
0.7278 0.9152
0.7249 0.9134
0.7249 0.9125
0.7226 0.9128
0.7226 0.9128
0.7226 0.9165
0.7188 0.9219
0.7475 0.9284
0.7717 0.9353
0.8255 0.9405
0.8804 0.9354
0.9761 0.9237
0.9849 0.9086
0.9878 0.9004
0.9904 0.8662
0.9917 0.7910
0.9920 0.8133
0.9929 0.8906
0.9935 0.9280
0.9937 0.9521
0.9936 0.9524
0.9936 0.9487
0.9936 0.9492
0.9936 0.9483
0.9935 0.9484
0.9934 0.9473
0.9935 0.9481
0.9932 0.9471
0.9932 0.9470
0.9931 0.9471
0.9931 0.9464
0.9931 0.9465
0.9933 0.9471
0.9931 0.9480
0.9933 0.9447
0.9931 0.9434
0.9932 0.9444
0.9936 0.9432
0.9939 0.8084
0.9940 0.8083
0.9940 0.8019
0.9942 0.7923
0.9943 0.7716
0.9943 0.7805
0.9944 0.8004
0.9946 0.7840
0.9948 0.7834
0.9947 0.7863
0.9949 0.7995
0.9949 0.7988
0.9951 0.8212
0.9954 0.8156
0.9955 0.8124
0.9956 0.8373
0.9957 0.8489
0.9958 0.8464
0.9959 0.8497
0.9960 0.8534
0.9962 0.8487
0.9962 0.8446
0.9963 0.8730
0.9963 0.8706
0.9964 0.8743
0.9963 0.8705
0.9963 0.8716
0.9963 0.8715
0.9963 0.8712
0.9963 0.8665
0.9963 0.8635
0.9962 0.8618
0.9962 0.8636
0.9962 0.8673
0.9962 0.8660
0.9961 0.8609
0.9960 0.8545
0.9960 0.8455
0.9959 0.8440
0.9959 0.8413
0.9960 0.8426
0.9959 0.8174
0.9959 0.8306
0.9959 0.8270
0.9959 0.8168
0.9958 0.8063
0.9958 0.8047
0.9958 0.7948
0.9957 0.8044
0.9957 0.7970
0.9958 0.8021
0.9957 0.8003
0.9958 0.8021
0.9958 0.8192
0.9959 0.8207
0.9960 0.8229
0.9960 0.8103
0.9960 0.8337
0.9960 0.8391
0.9960 0.8326
0.9960 0.8410
0.9960 0.8460
0.9960 0.8506
0.9960 0.8605
0.9959 0.8598
0.9958 0.8655
0.9957 0.8657
0.9956 0.8583
0.9955 0.8478
0.9954 0.8480
0.9954 0.8495
0.9954 0.8478
0.9954 0.8481
0.9954 0.8488
0.9954 0.8474
0.9955 0.8490
0.9955 0.8436
0.9954 0.8457
0.9955 0.8482
0.9956 0.8537
0.9956 0.8548
0.9956 0.8571
0.9956 0.8551
0.9957 0.8628
0.9957 0.8689
0.9957 0.8685
0.9957 0.8699
0.9958 0.8742
0.9957 0.8729
0.9956 0.8679
0.9956 0.8620
0.9956 0.8656
0.9957 0.8669
0.9957 0.8591
0.9955 0.8555
0.9955 0.8549
0.9956 0.8548
0.9955 0.8580
0.9955 0.8636
0.9955 0.8631
0.9955 0.8645
0.9955 0.8666
0.9956 0.8683
0.9955 0.8696
0.9955 0.8666
0.9956 0.8685
0.9957 0.8703
0.9958 0.8786
0.9957 0.8828
0.9958 0.8822
0.9958 0.8845
0.9959 0.8883
0.9959 0.8889
0.9959 0.8908
0.9959 0.8949
0.9960 0.8976
0.9960 0.8960
0.9960 0.8965
0.9960 0.9013
0.9960 0.9044
0.9960 0.9060
0.9959 0.9013
0.9959 0.8999
0.9959 0.8995
0.9959 0.8986
0.9960 0.8992
0.9959 0.8952
0.9959 0.8961
0.9959 0.8980
0.9959 0.8986
0.9958 0.8905
0.9959 0.8904
0.9959 0.8903
0.9959 0.8867
0.9959 0.8870
0.9958 0.8868
0.9958 0.8824
0.9958 0.8835
0.9958 0.8827
0.9957 0.8857
0.9956 0.8851
0.9956 0.8800
0.9956 0.8821
0.9956 0.8844
0.9955 0.8758
0.9955 0.8762
0.9956 0.8808
0.9955 0.8759
0.9956 0.8779
0.9956 0.8762
0.9954 0.8770
0.9954 0.8783
0.9954 0.8790
0.9955 0.8783
0.9955 0.8781
0.9955 0.8830
0.9955 0.8827
0.9955 0.8847
0.9954 0.8881
0.9953 0.8844
0.9953 0.8776
0.9953 0.8795
0.9953 0.8775
0.9954 0.8784
0.9955 0.8770
0.9956 0.8725
0.9956 0.8723
0.9956 0.8652
0.9956 0.8568
0.9956 0.8606
0.9956 0.8604
0.9956 0.8574
0.9955 0.8501
0.9954 0.8386
0.9955 0.8369
0.9956 0.8354
0.9957 0.8452
0.9957 0.8365
0.9956 0.8349
0.9956 0.8390
0.9955 0.8418
0.9954 0.8334
0.9954 0.8427
0.9954 0.8326
0.9953 0.8328
0.9953 0.8451
0.9951 0.8441
0.9951 0.8478
0.9950 0.8494
0.9950 0.8459
0.9950 0.8550
0.9949 0.8572
0.9950 0.8611
0.9948 0.8541
0.9949 0.8507
0.9948 0.8411
0.9948 0.8490
0.9949 0.8509
0.9949 0.8571
0.9949 0.8530
0.9949 0.8592
0.9950 0.8590
0.9948 0.8575
0.9949 0.8688
0.9949 0.8684
0.9950 0.8745
0.9951 0.8744
0.9950 0.8646
0.9950 0.8651
0.9951 0.8697
0.9951 0.8660
0.9951 0.8664
0.9951 0.8638
0.9951 0.8626
0.9951 0.8664
0.9952 0.8672
0.9952 0.8649
0.9951 0.8628
0.9952 0.8642
0.9952 0.8635
0.9952 0.8616
0.9951 0.8561
0.9952 0.8561
0.9952 0.8528
0.9953 0.8544
0.9953 0.8478
0.9952 0.8505
0.9953 0.8513
0.9952 0.8349
0.9952 0.8261
0.9952 0.8342
0.9951 0.8360
0.9953 0.8420
0.9952 0.8417
0.9951 0.8227
0.9951 0.8259
0.9952 0.8156
0.9951 0.8187
0.9952 0.8309
0.9952 0.8173
0.9951 0.8003
0.9951 0.8222
0.9951 0.8356
0.9952 0.8342
0.9951 0.8401
0.9952 0.8573
0.9952 0.8576
0.9952 0.8561
0.9952 0.8658
0.9952 0.8696
0.9952 0.8672
0.9951 0.8700
0.9951 0.8700
0.9951 0.8695
0.9951 0.8679
0.9951 0.8653
0.9952 0.8707
0.9952 0.8730
0.9952 0.8729
0.9953 0.8736
0.9953 0.8806
0.9953 0.8816
0.9953 0.8821
0.9952 0.8797
0.9953 0.8819
0.9953 0.8828
0.9953 0.8764
0.9953 0.8772
0.9953 0.8780
0.9954 0.8798
0.9953 0.8740
0.9954 0.8744
0.9954 0.8790
0.9953 0.8778
0.9954 0.8795
0.9953 0.8749
0.9953 0.8729
0.9953 0.8678
0.9953 0.8719
0.9953 0.8779
0.9954 0.8743
0.9953 0.8778
0.9955 0.8812
0.9956 0.8893
0.9956 0.8900
0.9955 0.8898
0.9956 0.8924
0.9956 0.8904
0.9956 0.8909
0.9956 0.8910
0.9956 0.8924
0.9956 0.8940
0.9956 0.8905
0.9955 0.8910
0.9954 0.8866
0.9954 0.8843
0.9953 0.8831
0.9952 0.8841
0.9953 0.8808
0.9952 0.8820
0.9952 0.8839
0.9953 0.8767
0.9955 0.8816
0.9955 0.8836
0.9954 0.8800
0.9954 0.8738
0.9954 0.8733
0.9953 0.8664
0.9952 0.8588
0.9952 0.8562
0.9952 0.8548
0.9951 0.8484
0.9952 0.8503
0.9952 0.8505
0.9951 0.8455
0.9951 0.8369
0.9952 0.8283
0.9953 0.8394
0.9953 0.8496
0.9954 0.8573
0.9955 0.8648
0.9957 0.8783
0.9956 0.8867
0.9956 0.8842
0.9956 0.8878
0.9956 0.8864
0.9957 0.8921
0.9958 0.8907
0.9957 0.8795
0.9958 0.8847
0.9957 0.8884
0.9957 0.8858
0.9956 0.8878
0.9956 0.8864
0.9956 0.8889
0.9956 0.8880
0.9957 0.8906
0.9956 0.8835
0.9956 0.8800
0.9955 0.8838
0.9956 0.8934
0.9954 0.8934
0.9953 0.8848
0.9953 0.8835
0.9953 0.8886
0.9951 0.8844
0.9951 0.8813
0.9951 0.8718
0.9951 0.8718
0.9951 0.8687
0.9953 0.8747
0.9952 0.8733
0.9952 0.8740
0.9952 0.8772
0.9951 0.8751
0.9951 0.8732
0.9951 0.8705
0.9950 0.8671
0.9951 0.8714
0.9951 0.8695
0.9952 0.8752
0.9953 0.8742
0.9952 0.8799
0.9953 0.8814
0.9953 0.8814
0.9953 0.8697
0.9954 0.8672
0.9953 0.8737
0.9954 0.8783
0.9955 0.8791
0.9955 0.8778
0.9955 0.8761
0.9956 0.8789
0.9956 0.8737
0.9957 0.8797
0.9955 0.8813
0.9955 0.8823
0.9955 0.8802
0.9955 0.8771
0.9955 0.8762
0.9955 0.8754
0.9955 0.8706
0.9955 0.8706
0.9955 0.8673
0.9954 0.8641
0.9954 0.8669
0.9954 0.8654
0.9954 0.8600
0.9954 0.8607
0.9955 0.8584
0.9954 0.8636
0.9954 0.8653
0.9954 0.8661
0.9954 0.8671
0.9954 0.8662
0.9955 0.8679
0.9955 0.8740
0.9956 0.8720
0.9956 0.8782
0.9956 0.8773
0.9956 0.8786
0.9956 0.8799
0.9956 0.8790
0.9956 0.8809
0.9957 0.8832
0.9958 0.8865
0.9958 0.8872
0.9957 0.8979
0.9956 0.8932
0.9957 0.8993
0.9957 0.8954
0.9956 0.8980
0.9956 0.8986
0.9956 0.9014
0.9956 0.9025
0.9955 0.9008
0.9955 0.8999
0.9955 0.9007
0.9955 0.8985
0.9955 0.8984
0.9955 0.9014
0.9955 0.9082
0.9954 0.9067
0.9954 0.9042
0.9953 0.9004
0.9954 0.9047
0.9954 0.9038
0.9954 0.9052
0.9954 0.9046
0.9953 0.9026
0.9952 0.9020
0.9951 0.8452
0.9951 0.8319
0.9951 0.8313
0.9949 0.8228
0.9950 0.8308
0.9950 0.8283
0.9951 0.8379
0.9952 0.8376
0.9952 0.8347
0.9953 0.8310
0.9953 0.8277
0.9953 0.8243
0.9953 0.8160
0.9954 0.8147
0.9954 0.8098
0.9954 0.7935
0.9954 0.7898
0.9955 0.7876
0.9956 0.7821
0.9956 0.7713
0.9956 0.7942
0.9956 0.7930
0.9955 0.7855
0.9955 0.7807
0.9955 0.7733
0.9957 0.8375
0.9956 0.8289
0.9956 0.8275
0.9957 0.8248
0.9957 0.8175
0.9956 0.7970
0.9955 0.7818
0.9955 0.7721
0.9955 0.7658
0.9954 0.7650
0.9954 0.7632
0.9954 0.7633
0.9954 0.7637
0.9954 0.7631
0.9954 0.7643
0.9953 0.7168
0.9953 0.7591
0.9953 0.7490
0.9952 0.7227
0.9951 0.7225
0.9951 0.6454
0.9951 0.5885
0.9952 0.5918
0.9952 0.6254
0.9951 0.6612
0.9951 0.6963
0.9951 0.7186
0.9950 0.6906
0.9950 0.6922
0.9950 0.7214
0.9950 0.7363
0.9951 0.7589
0.9950 0.7754
0.9951 0.7932
0.9952 0.8091
0.9952 0.8180
0.9950 0.8243
0.9950 0.8254
0.9950 0.8375
0.9949 0.8470
0.9949 0.8454
0.9948 0.8367
0.9948 0.8407
0.9949 0.8456
0.9950 0.8516
0.9950 0.8558
0.9950 0.8634
0.9949 0.8677
0.9949 0.8683
0.9949 0.8676
0.9950 0.8684
0.9951 0.8702
0.9951 0.8630
0.9952 0.8626
0.9951 0.8643
0.9952 0.8698
0.9952 0.8691
0.9953 0.8722
0.9952 0.8664
0.9952 0.8627
0.9952 0.8664
0.9953 0.8675
0.9953 0.8760
0.9953 0.8691
0.9953 0.8669
0.9954 0.8732
0.9955 0.8726
0.9955 0.8754
0.9955 0.8734
0.9955 0.8757
0.9954 0.8771
0.9954 0.8723
0.9954 0.8743
0.9954 0.8742
0.9954 0.8699
0.9954 0.8646
0.9953 0.8672
0.9954 0.8703
0.9954 0.8677
0.9954 0.8646
0.9954 0.8643
0.9953 0.8590
0.9954 0.8588
0.9954 0.8625
0.9955 0.8625
0.9954 0.8627
0.9954 0.8645
0.9955 0.8652
0.9955 0.8698
0.9954 0.8716
0.9954 0.8730
0.9955 0.8751
0.9955 0.8764
0.9955 0.8765
0.9955 0.8779
0.9956 0.8761
0.9956 0.8827
0.9956 0.8791
0.9954 0.8776
0.9955 0.8833
0.9955 0.8814
0.9955 0.8775
0.9955 0.8823
0.9954 0.8836
0.9954 0.8851
0.9953 0.8815
0.9953 0.8856
0.9950 0.8609
0.9948 0.8399
0.9945 0.8289
0.9943 0.8221
0.9940 0.8134
0.9936 0.8016
0.9932 0.7931
0.9929 0.7975
0.9927 0.7822
0.9923 0.7692
0.9919 0.7510
0.9914 0.7188
0.9915 0.7186
0.9910 0.6996
0.9910 0.6983
0.9911 0.7233
0.9914 0.7309
0.9918 0.7164
0.9920 0.8072
0.9919 0.7953
0.9918 0.7950
0.9919 0.8003
0.9922 0.7973
0.9928 0.8118
0.9932 0.8136
0.9931 0.8133
0.9927 0.8128
0.9926 0.7967
0.9919 0.6442
0.9911 0.5936
0.9902 0.6971
0.9883 0.8592
0.9856 0.8768
0.9805 0.9020
0.9690 0.9080
0.8887 0.8814
0.8210 0.8506
0.7288 0.8386
0.7141 0.8399
0.7120 0.8429
0.7073 0.8379
0.7073 0.8378
0.7073 0.8354
0.7028 0.8276
0.6966 0.8256
0.6945 0.8254
0.6939 0.8243
0.6945 0.8261
0.6945 0.8245
0.6619 0.8439
0.6619 0.8427
0.6633 0.8457
0.6619 0.8457
0.6534 0.8545
0.7085 0.8610
0.8864 0.8667
0.9797 0.8353
0.9869 0.8204
0.9889 0.7661
0.9904 0.6969
0.9910 0.7419
0.9919 0.8370
0.9925 0.8983
0.9925 0.9401
0.9925 0.9368
0.9926 0.9393
0.9926 0.9382
0.9924 0.9382
0.9923 0.9370
0.9924 0.9354
0.9919 0.9223
0.9921 0.9149
0.9917 0.9068
0.9917 0.8840
0.9917 0.5913
0.9910 0.4993
0.9901 0.4871
0.9890 0.4254
0.9867 0.4324
0.9843 0.4323
0.9787 0.4711
0.9655 0.5628
0.8488 0.7533
0.7769 0.8352
0.7497 0.8662
0.7203 0.8814
0.6954 0.8907
0.6749 0.8958
0.6564 0.8970
0.6381 0.9019
0.6316 0.9047
0.6304 0.8963
0.6336 0.8803
0.6463 0.8742
0.6534 0.8741
0.6681 0.8837
0.6837 0.8962
0.7142 0.9116
0.7090 0.9174
0.6878 0.9174
0.6729 0.9113
0.6533 0.9055
0.6485 0.9037
0.6368 0.9063
0.6328 0.9051
0.6304 0.9076
0.6228 0.9098
0.6353 0.9060
0.6423 0.8961
0.6485 0.8830
0.6729 0.8651
0.7325 0.8455
0.7769 0.8255
0.8456 0.7972
0.9389 0.7361
0.9754 0.6290
0.9869 0.6858
0.9907 0.6384
0.9922 0.6146
0.9929 0.6466
0.9935 0.6852
0.9936 0.7315
0.9940 0.8367
0.9941 0.8479
0.9942 0.8288
0.9940 0.8386
0.9940 0.8362
0.9940 0.8337
0.9938 0.8085
0.9938 0.8130
0.9938 0.8360
0.9937 0.8402
0.9939 0.8473
0.9941 0.8533
0.9942 0.8540
0.9941 0.8475
0.9943 0.8515
0.9944 0.8553
0.9945 0.8459
0.9947 0.8632
0.9948 0.8617
0.9949 0.8649
0.9949 0.8531
0.9950 0.8618
0.9951 0.8578
0.9951 0.8596
0.9953 0.8738
0.9954 0.8714
0.9954 0.8673
0.9954 0.8609
0.9953 0.8456
0.9954 0.8429
0.9954 0.8493
0.9955 0.8516
0.9955 0.8415
0.9956 0.8414
0.9956 0.8488
0.9954 0.8560
0.9953 0.8535
0.9952 0.8669
0.9952 0.8645
0.9952 0.8610
0.9952 0.8592
0.9952 0.8549
0.9951 0.8648
0.9950 0.8632
0.9951 0.8615
0.9951 0.8701
0.9951 0.8770
0.9950 0.8794
0.9950 0.8798
0.9951 0.8839
0.9952 0.8888
0.9952 0.8849
0.9954 0.8825
0.9956 0.8811
0.9957 0.8782
0.9958 0.8754
0.9957 0.8592
0.9958 0.8533
0.9960 0.8450
0.9961 0.8397
0.9962 0.8472
0.9961 0.8413
0.9962 0.8428
0.9962 0.8375
0.9962 0.8434
0.9962 0.8416
0.9962 0.8601
0.9963 0.8668
0.9963 0.8740
0.9962 0.8736
0.9961 0.8753
0.9961 0.8759
0.9961 0.8769
0.9960 0.8787
0.9960 0.8746
0.9960 0.8764
0.9961 0.8828
0.9961 0.8928
0.9960 0.8975
0.9960 0.8923
0.9960 0.8874
0.9960 0.8860
0.9961 0.8935
0.9960 0.8882
0.9961 0.9020
0.9961 0.9042
0.9960 0.9002
0.9960 0.9003
0.9960 0.9031
0.9960 0.9026
0.9961 0.9012
0.9960 0.9006
0.9960 0.8930
0.9959 0.8894
0.9960 0.8912
0.9961 0.8936
0.9960 0.8915
0.9960 0.8936
0.9960 0.8942
0.9960 0.8922
0.9961 0.8897
0.9961 0.8868
0.9961 0.8790
0.9961 0.8735
0.9961 0.8753
0.9961 0.8742
0.9960 0.8730
0.9960 0.8694
0.9960 0.8694
0.9960 0.8399
0.9959 0.8232
0.9960 0.8404
0.9959 0.8319
0.9960 0.8341
0.9959 0.8153
0.9959 0.7900
0.9958 0.7861
0.9957 0.7881
0.9957 0.8093
0.9957 0.8111
0.9956 0.8148
0.9958 0.8161
0.9958 0.8169
0.9959 0.8276
0.9959 0.8248
0.9958 0.8215
0.9958 0.8302
0.9958 0.8416
0.9958 0.8495
0.9959 0.8535
0.9959 0.8576
0.9959 0.8602
0.9960 0.8601
0.9960 0.8640
0.9960 0.8650
0.9960 0.8709
0.9960 0.8710
0.9961 0.8734
0.9961 0.8680
0.9962 0.8725
0.9961 0.8713
0.9961 0.8706
0.9961 0.8730
0.9962 0.8682
0.9961 0.8723
0.9962 0.8742
0.9962 0.8761
0.9961 0.8745
0.9961 0.8732
0.9961 0.8753
0.9961 0.8844
0.9962 0.8814
0.9962 0.8769
0.9961 0.8719
0.9961 0.8683
0.9961 0.8606
0.9961 0.8635
0.9961 0.8632
0.9961 0.8625
0.9962 0.8720
0.9961 0.8649
0.9961 0.8664
0.9961 0.8624
0.9961 0.8715
0.9961 0.8762
0.9960 0.8717
0.9961 0.8760
0.9961 0.8750
0.9961 0.8759
0.9961 0.8708
0.9961 0.8635
0.9961 0.8624
0.9962 0.8613
0.9961 0.8608
0.9961 0.8534
0.9960 0.8414
0.9960 0.8509
0.9960 0.8461
0.9960 0.8510
0.9959 0.8544
0.9959 0.8551
0.9959 0.8442
0.9958 0.8414
0.9958 0.8377
0.9958 0.8270
0.9958 0.8261
0.9959 0.8154
0.9959 0.8027
0.9958 0.7831
0.9959 0.7692
0.9961 0.7710
0.9960 0.7592
0.9960 0.7518
0.9960 0.7361
0.9959 0.7207
0.9959 0.6949
0.9958 0.6838
0.9958 0.6650
0.9958 0.6415
0.9958 0.5988
0.9959 0.5499
0.9958 0.5785
0.9958 0.6092
0.9958 0.6498
0.9958 0.6558
0.9958 0.6976
0.9959 0.7332
0.9959 0.7623
0.9959 0.7849
0.9959 0.8009
0.9959 0.8115
0.9959 0.8262
0.9959 0.8374
0.9958 0.8409
0.9958 0.8456
0.9957 0.8559
0.9957 0.8669
0.9959 0.8747
0.9958 0.8796
0.9958 0.8880
0.9958 0.8898
0.9958 0.8919
0.9957 0.8927
0.9958 0.8921
0.9958 0.8923
0.9958 0.8918
0.9959 0.8946
0.9959 0.8993
0.9959 0.8975
0.9959 0.9009
0.9959 0.8984
0.9959 0.8940
0.9959 0.8931
0.9959 0.8890
0.9959 0.8874
0.9959 0.8859
0.9959 0.8814
0.9959 0.8835
0.9959 0.8821
0.9959 0.8804
0.9959 0.8796
0.9960 0.8810
0.9959 0.8745
0.9960 0.8687
0.9960 0.8601
0.9961 0.8699
0.9961 0.8675
0.9962 0.8709
0.9961 0.8751
0.9960 0.8796
0.9960 0.8792
0.9960 0.8844
0.9960 0.8790
0.9960 0.8779
0.9960 0.8795
0.9961 0.8770
0.9960 0.8739
0.9960 0.8734
0.9960 0.8782
0.9960 0.8834
0.9960 0.8877
0.9961 0.8924
0.9961 0.8889
0.9961 0.8880
0.9962 0.8906
0.9962 0.8892
0.9963 0.8870
0.9963 0.8875
0.9963 0.8867
0.9963 0.8845
0.9963 0.8872
0.9963 0.8862
0.9962 0.8832
0.9962 0.8788
0.9962 0.8757
0.9961 0.8728
0.9962 0.8764
0.9962 0.8801
0.9961 0.8709
0.9961 0.8712
0.9960 0.8694
0.9960 0.8677
0.9960 0.8644
0.9960 0.8622
0.9961 0.8558
0.9961 0.8618
0.9960 0.8630
0.9959 0.8651
0.9960 0.8697
0.9959 0.8691
0.9958 0.8697
0.9957 0.8649
0.9957 0.8587
0.9957 0.8652
0.9956 0.8625
0.9956 0.8574
0.9955 0.8543
0.9956 0.8534
0.9957 0.8635
0.9957 0.8670
0.9957 0.8610
0.9956 0.8603
0.9956 0.8566
0.9958 0.8579
0.9957 0.8578
0.9958 0.8392
0.9958 0.8308
0.9958 0.8161
0.9958 0.8000
0.9958 0.7858
0.9958 0.8027
0.9958 0.7831
0.9958 0.8201
0.9958 0.8172
0.9958 0.8395
0.9959 0.8500
0.9959 0.8524
0.9960 0.8558
0.9960 0.8440
0.9961 0.8472
0.9961 0.8511
0.9961 0.8524
0.9962 0.8660
0.9962 0.8581
0.9962 0.8486
0.9963 0.8521
0.9963 0.8617
0.9962 0.8631
0.9961 0.8648
0.9960 0.8619
0.9961 0.8675
0.9961 0.8698
0.9960 0.8638
0.9959 0.8663
0.9959 0.8653
0.9958 0.8538
0.9958 0.8554
0.9959 0.8385
0.9959 0.8427
0.9959 0.8304
0.9958 0.8127
0.9957 0.8247
0.9958 0.8247
0.9959 0.8263
0.9958 0.8251
0.9958 0.8312
0.9958 0.8364
0.9958 0.8204
0.9957 0.8166
0.9956 0.8274
0.9955 0.8290
0.9955 0.8131
0.9955 0.8002
0.9955 0.7845
0.9955 0.7996
0.9956 0.7897
0.9956 0.8087
0.9956 0.8240
0.9956 0.8301
0.9957 0.8260
0.9957 0.8294
0.9957 0.8282
0.9957 0.8276
0.9957 0.8256
0.9957 0.8275
0.9957 0.8226
0.9957 0.8171
0.9956 0.8125
0.9956 0.8120
0.9955 0.8139
0.9955 0.8032
0.9955 0.8012
0.9955 0.8020
0.9956 0.8001
0.9955 0.7799
0.9956 0.7775
0.9956 0.8023
0.9955 0.8211
0.9956 0.8342
0.9956 0.8275
0.9955 0.8268
0.9955 0.8093
0.9955 0.7984
0.9955 0.8105
0.9956 0.8131
0.9955 0.8101
0.9955 0.8142
0.9956 0.8227
0.9956 0.8267
0.9955 0.8095
0.9956 0.8141
0.9956 0.8192
0.9956 0.8185
0.9957 0.8220
0.9958 0.8285
0.9958 0.8279
0.9959 0.8371
0.9959 0.8367
0.9959 0.8386
0.9960 0.8414
0.9960 0.8415
0.9960 0.8396
0.9961 0.8295
0.9961 0.8061
0.9960 0.8240
0.9961 0.8210
0.9961 0.8310
0.9961 0.8372
0.9962 0.8109
0.9961 0.8253
0.9961 0.8251
0.9961 0.8299
0.9961 0.8211
0.9961 0.8158
0.9961 0.8107
0.9961 0.8237
0.9960 0.8249
0.9960 0.8211
0.9960 0.8245
0.9960 0.8216
0.9960 0.8361
0.9961 0.8410
0.9961 0.8559
0.9960 0.8548
0.9960 0.8493
0.9960 0.8633
0.9960 0.8549
0.9960 0.8559
0.9960 0.8562
0.9960 0.8568
0.9960 0.8555
0.9959 0.8560
0.9958 0.8531
0.9957 0.8548
0.9957 0.8395
0.9957 0.8403
0.9957 0.8451
0.9956 0.8430
0.9956 0.8510
0.9957 0.8599
0.9956 0.8549
0.9957 0.8579
0.9958 0.8563
0.9957 0.8547
0.9957 0.8575
0.9957 0.8488
0.9956 0.8488
0.9956 0.8358
0.9956 0.8339
0.9957 0.8395
0.9956 0.8246
0.9956 0.8234
0.9956 0.8215
0.9956 0.8370
0.9957 0.8305
0.9957 0.8248
0.9958 0.8284
0.9959 0.8343
0.9959 0.8335
0.9959 0.8468
0.9959 0.8520
0.9959 0.8465
0.9959 0.8519
0.9959 0.8475
0.9960 0.8428
0.9960 0.8458
0.9960 0.8452
0.9959 0.8468
0.9960 0.8505
0.9960 0.8473
0.9960 0.8494
0.9960 0.8356
0.9959 0.8324
0.9959 0.8327
0.9959 0.8319
0.9959 0.8309
0.9959 0.8274
0.9960 0.8393
0.9959 0.8191
0.9960 0.8277
0.9960 0.8381
0.9959 0.8222
0.9958 0.8098
0.9959 0.8111
0.9959 0.8117
0.9959 0.7987
0.9960 0.7982
0.9960 0.7999
0.9961 0.7999
0.9960 0.8280
0.9960 0.8310
0.9959 0.8407
0.9960 0.8408
0.9959 0.8477
0.9958 0.8437
0.9959 0.8433
0.9959 0.8422
0.9960 0.8539
0.9960 0.8528
0.9960 0.8483
0.9959 0.8521
0.9959 0.8507
0.9958 0.8602
0.9959 0.8575
0.9958 0.8561
0.9957 0.8510
0.9957 0.8578
0.9958 0.8624
0.9959 0.8678
0.9958 0.8700
0.9958 0.8686
0.9957 0.8676
0.9957 0.8712
0.9956 0.8707
0.9956 0.8583
0.9956 0.8687
0.9956 0.8614
0.9955 0.8585
0.9956 0.8540
0.9956 0.8661
0.9956 0.8688
0.9957 0.8717
0.9956 0.8613
0.9956 0.8587
0.9956 0.8624
0.9956 0.8646
0.9957 0.8657
0.9957 0.8624
0.9956 0.8683
0.9957 0.8722
0.9958 0.8819
0.9957 0.8768
0.9956 0.8798
0.9956 0.8754
0.9956 0.8794
0.9957 0.8806
0.9957 0.8794
0.9955 0.8643
0.9955 0.8674
0.9955 0.8622
0.9955 0.8462
0.9954 0.8408
0.9955 0.8346
0.9953 0.8220
0.9952 0.8220
0.9951 0.8228
0.9949 0.8238
0.9950 0.8183
0.9949 0.8156
0.9949 0.8163
0.9949 0.8120
0.9949 0.8159
0.9947 0.8094
0.9947 0.8029
0.9948 0.8164
0.9948 0.8052
0.9948 0.8195
0.9949 0.8262
0.9949 0.8357
0.9948 0.8419
0.9949 0.8457
0.9950 0.8563
0.9950 0.8724
0.9951 0.8756
0.9952 0.8769
0.9952 0.8735
0.9953 0.8732
0.9953 0.8740
0.9953 0.8786
0.9953 0.8724
0.9954 0.8687
0.9955 0.8679
0.9954 0.8689
0.9954 0.8742
0.9953 0.8743
0.9954 0.8737
0.9953 0.8711
0.9952 0.8742
0.9953 0.8825
0.9954 0.8785
0.9953 0.8815
0.9953 0.8287
0.9952 0.8256
0.9952 0.8270
0.9952 0.8285
0.9952 0.8314
0.9952 0.8345
0.9953 0.8331
0.9952 0.8327
0.9952 0.8269
0.9950 0.8239
0.9948 0.8207
0.9947 0.8244
0.9944 0.8080
0.9941 0.7941
0.9937 0.7856
0.9932 0.7774
0.9927 0.7777
0.9923 0.7740
0.9917 0.7775
0.9917 0.7842
0.9918 0.7861
0.9918 0.7960
0.9922 0.7971
0.9925 0.8080
0.9927 0.8065
0.9931 0.8608
0.9933 0.8647
0.9932 0.8501
0.9933 0.8526
0.9932 0.8439
0.9934 0.8427
0.9937 0.8456
0.9940 0.8490
0.9940 0.8506
0.9938 0.8226
0.9936 0.7925
0.9933 0.6195
0.9928 0.5546
0.9924 0.5187
0.9913 0.5874
0.9897 0.7738
0.9871 0.8252
0.9787 0.8436
0.9196 0.7985
0.8809 0.7859
0.8693 0.7774
0.8696 0.7767
0.8696 0.7743
0.8695 0.7707
0.8696 0.7672
0.8696 0.7644
0.8699 0.7620
0.8699 0.7628
0.8700 0.7666
0.8701 0.7679
0.8700 0.7672
0.8700 0.7711
0.8700 0.7746
0.8701 0.7731
0.8707 0.7756
0.8704 0.7772
0.8804 0.7874
0.9155 0.7917
0.9455 0.8033
0.9858 0.8168
0.9886 0.7633
0.9904 0.6623
0.9914 0.5931
0.9923 0.5527
0.9929 0.6425
0.9934 0.7179
0.9937 0.8237
0.9937 0.8509
0.9936 0.8430
0.9935 0.8457
0.9935 0.8492
0.9930 0.8306
0.9929 0.8346
0.9929 0.8417
0.9931 0.8346
0.9931 0.8344
0.9930 0.8278
0.9931 0.8156
0.9932 0.8216
0.9932 0.8136
0.9931 0.8096
0.9931 0.8068
0.9927 0.7829
0.9921 0.6293
0.9913 0.5752
0.9906 0.5165
0.9892 0.6400
0.9865 0.8284
0.9821 0.8867
0.9701 0.9071
0.9482 0.9122
0.8874 0.8900
0.8161 0.8764
0.7993 0.8759
0.7990 0.8683
0.7899 0.8683
0.7836 0.8651
0.7803 0.8636
0.7815 0.8628
0.7810 0.8632
0.7803 0.8613
0.7815 0.8618
0.7867 0.8620
0.7899 0.8633
0.7899 0.8636
0.7939 0.8654
0.7973 0.8691
0.7983 0.8732
0.8125 0.8797
0.8664 0.8838
0.9083 0.8896
0.9744 0.8996
0.9802 0.8920
0.9866 0.8670
0.9888 0.8408
0.9905 0.8008
0.9917 0.7954
0.9926 0.8548
0.9933 0.8979
0.9937 0.9328
0.9939 0.9459
0.9938 0.9478
0.9936 0.9483
0.9935 0.9488
0.9934 0.9467
0.9934 0.9476
0.9937 0.9480
0.9937 0.9518
0.9939 0.9523
0.9940 0.9508
0.9941 0.9535
0.9942 0.9534
0.9940 0.9533
0.9941 0.9548
0.9941 0.9574
0.9943 0.9586
0.9944 0.9596
0.9944 0.8031
0.9944 0.7954
0.9945 0.8007
0.9946 0.8011
0.9948 0.7949
0.9948 0.8039
0.9948 0.7964
0.9949 0.7988
0.9950 0.7891
0.9952 0.7890
0.9953 0.7935
0.9954 0.7896
0.9956 0.8024
0.9955 0.7976
0.9956 0.7962
0.9958 0.8118
0.9959 0.8204
0.9959 0.8218
0.9960 0.8164
0.9960 0.8069
0.9962 0.8269
0.9962 0.8449
0.9962 0.8306
0.9961 0.8319
0.9962 0.8301
0.9961 0.8299
0.9960 0.8356
0.9960 0.8340
0.9960 0.8451
0.9960 0.8458
0.9960 0.8252
0.9960 0.8011
0.9960 0.8195
0.9961 0.8382
0.9960 0.8352
0.9960 0.8352
0.9960 0.8337
0.9960 0.8334
0.9960 0.8345
0.9960 0.8326
0.9959 0.8178
0.9960 0.8330
0.9960 0.8334
0.9959 0.8309
0.9960 0.8457
0.9958 0.8499
0.9957 0.8480
0.9958 0.8477
0.9958 0.8492
0.9958 0.8590
0.9958 0.8659
0.9959 0.8635
0.9959 0.8641
0.9958 0.8622
0.9957 0.8569
0.9957 0.8604
0.9956 0.8661
0.9957 0.8668
0.9956 0.8694
0.9957 0.8719
0.9957 0.8719
0.9958 0.8767
0.9958 0.8802
0.9958 0.8803
0.9958 0.8837
0.9958 0.8820
0.9958 0.8787
0.9958 0.8756
0.9959 0.8770
0.9957 0.8770
0.9958 0.8767
0.9958 0.8755
0.9957 0.8712
0.9956 0.8724
0.9956 0.8657
0.9956 0.8634
0.9957 0.8619
0.9957 0.8659
0.9958 0.8826
0.9958 0.8830
0.9958 0.8863
0.9957 0.8753
0.9957 0.8712
0.9957 0.8715
0.9956 0.8671
0.9956 0.8627
0.9954 0.8589
0.9954 0.8605
0.9954 0.8621
0.9954 0.8678
0.9953 0.8658
0.9953 0.8645
0.9952 0.7888
0.9950 0.7858
0.9949 0.7884
0.9948 0.7775
0.9949 0.7746
0.9949 0.7709
0.9948 0.7726
0.9948 0.7666
0.9948 0.7722
0.9947 0.7509
0.9948 0.7513
0.9948 0.7523
0.9949 0.7618
0.9951 0.7686
0.9952 0.7642
0.9952 0.7496
0.9950 0.7249
0.9951 0.7500
0.9950 0.7563
0.9950 0.7546
0.9950 0.7533
0.9948 0.7513
0.9948 0.7550
0.9946 0.7453
0.9945 0.7583
0.9946 0.8233
0.9947 0.8304
0.9948 0.8345
0.9949 0.8455
0.9950 0.8387
0.9950 0.8445
0.9952 0.8536
0.9953 0.8553
0.9954 0.8560
0.9955 0.8610
0.9956 0.8669
0.9957 0.8714
0.9958 0.8828
0.9958 0.8857
0.9957 0.8859
0.9957 0.8871
0.9957 0.8885
0.9956 0.8856
0.9956 0.8833
0.9956 0.8850
0.9955 0.8858
0.9955 0.8847
0.9956 0.8890
0.9956 0.8882
0.9955 0.8850
0.9954 0.8861
0.9954 0.8848
0.9954 0.8817
0.9955 0.8846
0.9954 0.8854
0.9954 0.8857
0.9954 0.8885
0.9954 0.8879
0.9954 0.8908
0.9955 0.8925
0.9956 0.8951
0.9955 0.8934
0.9956 0.8940
0.9956 0.8974
0.9956 0.8989
0.9956 0.8951
0.9955 0.8965
0.9955 0.8914
0.9955 0.8898
0.9955 0.8875
0.9955 0.8872
0.9956 0.8903
0.9955 0.8845
0.9954 0.8830
0.9955 0.8784
0.9955 0.8786
0.9955 0.8750
0.9955 0.8778
0.9955 0.8732
0.9956 0.8775
0.9956 0.8772
0.9956 0.8743
0.9956 0.8719
0.9955 0.8691
0.9955 0.8748
0.9955 0.8750
0.9955 0.8752
0.9954 0.8758
0.9953 0.8735
0.9953 0.8682
0.9954 0.8727
0.9954 0.8698
0.9954 0.8757
0.9954 0.8760
0.9953 0.8772
0.9953 0.8759
0.9953 0.8774
0.9953 0.8786
0.9953 0.8759
0.9952 0.8733
0.9952 0.8691
0.9952 0.8717
0.9951 0.8681
0.9952 0.8725
0.9952 0.8675
0.9950 0.8643
0.9950 0.8635
0.9950 0.8684
0.9950 0.8672
0.9950 0.8682
0.9949 0.8665
0.9949 0.8612
0.9949 0.8625
0.9949 0.8621
0.9949 0.8690
0.9949 0.8627
0.9949 0.8588
0.9950 0.8598
0.9949 0.8575
0.9950 0.8611
0.9951 0.8575
0.9951 0.8574
0.9952 0.8588
0.9952 0.8657
0.9953 0.8620
0.9953 0.8632
0.9955 0.8646
0.9955 0.8676
0.9953 0.8695
0.9954 0.8762
0.9955 0.8805
0.9955 0.8797
0.9955 0.8807
0.9957 0.8820
0.9957 0.8814
0.9957 0.8849
0.9957 0.8870
0.9958 0.8870
0.9958 0.8895
0.9957 0.8882
0.9957 0.8896
0.9957 0.8896
0.9957 0.8922
0.9957 0.8899
0.9956 0.8842
0.9956 0.8857
0.9955 0.8865
0.9955 0.8880
0.9955 0.8855
0.9955 0.8859
0.9955 0.8870
0.9955 0.8855
0.9957 0.8844
0.9958 0.8847
0.9957 0.8852
0.9957 0.8781
0.9956 0.8760
0.9956 0.8757
0.9956 0.8752
0.9955 0.8714
0.9957 0.8771
0.9957 0.8709
0.9957 0.8695
0.9957 0.8719
0.9957 0.8736
0.9957 0.8762
0.9957 0.8698
0.9958 0.8739
0.9958 0.8750
0.9958 0.8710
0.9958 0.8723
0.9957 0.8698
0.9957 0.8690
0.9958 0.8696
0.9957 0.8712
0.9957 0.8761
0.9956 0.8683
0.9956 0.8673
0.9955 0.8627
0.9955 0.8634
0.9955 0.8623
0.9956 0.8649
0.9955 0.8685
0.9954 0.8642
0.9954 0.8677
0.9954 0.8630
0.9954 0.8697
0.9954 0.8681
0.9954 0.8656
0.9954 0.8608
0.9954 0.8614
0.9953 0.8595
0.9953 0.8524
0.9953 0.8545
0.9954 0.8611
0.9954 0.8509
0.9954 0.8498
0.9954 0.8486
0.9955 0.8603
0.9955 0.8532
0.9955 0.8640
0.9957 0.8676
0.9956 0.8742
0.9957 0.8783
0.9957 0.8803
0.9957 0.8839
0.9957 0.8837
0.9957 0.8826
0.9957 0.8893
0.9957 0.8852
0.9957 0.8853
0.9956 0.8816
0.9956 0.8852
0.9955 0.8851
0.9955 0.8862
0.9955 0.8851
0.9956 0.8889
0.9956 0.8890
0.9956 0.8862
0.9956 0.8886
0.9955 0.8878
0.9957 0.8925
0.9957 0.8956
0.9957 0.8980
0.9958 0.9036
0.9957 0.9025
0.9957 0.9022
0.9957 0.9007
0.9957 0.8941
0.9957 0.8954
0.9957 0.8998
0.9958 0.9004
0.9957 0.8952
0.9957 0.8949
0.9956 0.8955
0.9957 0.8969
0.9958 0.8999
0.9959 0.9004
0.9960 0.9007
0.9960 0.9039
0.9960 0.9018
0.9960 0.9020
0.9960 0.9008
0.9960 0.8999
0.9960 0.8995
0.9959 0.8995
0.9958 0.8967
0.9958 0.8946
0.9958 0.8922
0.9957 0.8864
0.9957 0.8862
0.9957 0.8846
0.9958 0.8868
0.9958 0.8913
0.9956 0.8870
0.9956 0.8810
0.9956 0.8816
0.9956 0.8859
0.9957 0.8819
0.9957 0.8823
0.9957 0.8823
0.9956 0.8787
0.9955 0.8719
0.9955 0.8724
0.9956 0.8736
0.9955 0.8745
0.9954 0.8743
0.9955 0.8740
0.9956 0.8798
0.9957 0.8782
0.9956 0.8760
0.9957 0.8768
0.9957 0.8819
0.9958 0.8866
0.9958 0.8915
0.9957 0.8892
0.9957 0.8872
0.9956 0.8816
0.9956 0.8807
0.9957 0.8828
0.9958 0.8795
0.9956 0.8728
0.9956 0.8730
0.9956 0.8774
0.9956 0.8782
0.9956 0.8769
0.9957 0.8805
0.9956 0.8782
0.9956 0.8789
0.9955 0.8709
0.9955 0.8730
0.9955 0.8783
0.9955 0.8802
0.9955 0.8816
0.9955 0.8838
0.9955 0.8856
0.9954 0.8797
0.9954 0.8767
0.9953 0.8770
0.9954 0.8776
0.9955 0.8823
0.9955 0.8829
0.9955 0.8881
0.9956 0.8909
0.9955 0.8903
0.9956 0.8950
0.9956 0.8977
0.9957 0.8985
0.9956 0.8979
0.9955 0.8962
0.9955 0.8945
0.9954 0.8918
0.9955 0.8924
0.9956 0.8916
0.9957 0.8976
0.9957 0.8975
0.9958 0.8980
0.9958 0.8902
0.9958 0.8849
0.9957 0.8833
0.9956 0.8814
0.9956 0.8829
0.9956 0.8811
0.9957 0.8745
0.9956 0.8674
0.9956 0.8621
0.9957 0.8616
0.9956 0.8595
0.9955 0.8636
0.9956 0.8720
0.9957 0.8765
0.9957 0.8760
0.9957 0.8802
0.9958 0.8837
0.9959 0.8855
0.9960 0.8901
0.9959 0.8888
0.9959 0.8889
0.9958 0.8860
0.9958 0.8839
0.9958 0.8850
0.9957 0.8856
0.9957 0.8782
0.9957 0.8819
0.9958 0.8805
0.9958 0.8809
0.9958 0.8816
0.9959 0.8828
0.9958 0.8881
0.9959 0.8888
0.9959 0.8930
0.9959 0.8947
0.9959 0.8929
0.9959 0.8906
0.9959 0.8867
0.9959 0.8830
0.9959 0.8835
0.9959 0.8814
0.9959 0.8772
0.9958 0.8750
0.9959 0.8716
0.9959 0.8711
0.9959 0.8711
0.9959 0.8769
0.9959 0.8763
0.9959 0.8785
0.9957 0.8777
0.9958 0.8870
0.9957 0.8859
0.9957 0.8817
0.9958 0.8830
0.9958 0.8793
0.9958 0.8805
0.9957 0.8778
0.9957 0.8710
0.9956 0.8653
0.9956 0.8625
0.9955 0.8650
0.9955 0.8617
0.9955 0.8664
0.9956 0.8707
0.9954 0.8662
0.9954 0.8603
0.9953 0.8570
0.9953 0.8542
0.9952 0.8479
0.9952 0.8457
0.9950 0.8442
0.9948 0.8367
0.9945 0.8246
0.9943 0.8200
0.9941 0.8276
0.9937 0.8202
0.9935 0.8218
0.9930 0.8281
0.9926 0.8254
0.9924 0.8220
0.9923 0.8213
0.9921 0.8135
0.9916 0.7839
0.9917 0.7769
0.9919 0.7804
0.9923 0.7765
0.9926 0.7684
0.9928 0.7791
0.9928 0.7829
0.9931 0.7753
0.9932 0.8494
0.9935 0.8532
0.9936 0.8566
0.9938 0.8601
0.9937 0.8608
0.9938 0.8625
0.9937 0.8555
0.9936 0.8536
0.9934 0.8542
0.9933 0.8330
0.9932 0.8090
0.9925 0.7142
0.9920 0.6827
0.9911 0.6004
0.9899 0.5551
0.9880 0.4797
0.9844 0.6785
0.9755 0.7807
0.9324 0.8312
0.8955 0.8620
0.8478 0.8838
0.7634 0.8966
0.7348 0.9019
0.7337 0.9051
0.7324 0.9070
0.7279 0.8982
0.7262 0.8947
0.7258 0.8931
0.6985 0.8970
0.6606 0.9007
0.6590 0.8951
0.6470 0.8925
0.6274 0.8729
0.6085 0.8627
0.6158 0.8673
0.6295 0.8965
0.6297 0.9100
0.6297 0.9186
0.6295 0.9164
0.6199 0.8999
0.6183 0.8931
0.6223 0.8934
0.6332 0.8917
0.6572 0.8874
0.6989 0.8769
0.7460 0.8641
0.8060 0.8498
0.8250 0.8414
0.8316 0.8343
0.8316 0.8362
0.8386 0.8300
0.8415 0.8226
0.8386 0.8110
0.8740 0.7813
0.9134 0.7448
0.9286 0.6852
0.9712 0.7161
0.9844 0.7145
0.9878 0.6695
0.9898 0.6243
0.9902 0.6048
0.9913 0.5969
0.9915 0.6263
0.9920 0.6994
0.9926 0.7558
0.9929 0.7623
0.9931 0.7679
0.9932 0.7688
0.9932 0.7623
0.9934 0.7818
0.9936 0.7978
0.9938 0.8121
0.9939 0.8173
0.9936 0.8083
0.9936 0.8136
0.9938 0.8277
0.9938 0.8284
0.9939 0.8430
0.9939 0.8465
0.9938 0.8351
0.9935 0.8186
0.9933 0.8264
0.9933 0.8588
0.9934 0.8685
0.9933 0.8752
0.9934 0.8740
0.9935 0.8800
0.9937 0.8865
0.9936 0.8862
0.9935 0.8900
0.9933 0.8929
0.9932 0.8954
0.9932 0.8993
0.9932 0.9009
0.9934 0.8948
0.9935 0.9027
0.9935 0.9037
0.9935 0.9040
0.9936 0.9047
0.9936 0.9118
0.9932 0.9642
0.9930 0.9637
0.9928 0.9614
0.9926 0.9604
0.9927 0.9603
0.9927 0.9609
0.9928 0.9618
0.9928 0.9602
0.9930 0.9597
0.9933 0.9608
0.9934 0.9612
0.9935 0.9622
0.9936 0.9613
0.9936 0.9628
0.9937 0.9612
0.9937 0.9608
0.9935 0.9589
0.9933 0.9495
0.9932 0.9444
0.9928 0.9396
0.9926 0.9365
0.9920 0.9053
0.9913 0.8462
0.9905 0.7933
0.9895 0.7557
0.9892 0.4649
0.9867 0.4750
0.9830 0.4772
0.9719 0.4923
0.9358 0.5658
0.8680 0.6790
0.8339 0.7696
0.7906 0.8264
0.7566 0.8528
0.7319 0.8304
0.7225 0.8300
0.7320 0.8354
0.7375 0.8426
0.7275 0.8401
0.7221 0.8401
0.7220 0.8384
0.7193 0.8372
0.7221 0.8417
0.7234 0.8416
0.7234 0.8423
0.7260 0.8423
0.7344 0.8506
0.7221 0.8566
0.7222 0.8587
0.7378 0.8618
0.7705 0.8659
0.8306 0.8691
0.8726 0.8753
0.9093 0.8804
0.9360 0.8872
0.9831 0.8869
0.9882 0.8600
0.9899 0.7795
0.9912 0.6044
0.9921 0.7118
0.9927 0.7722
0.9932 0.7829
0.9936 0.8090
0.9937 0.7990
0.9938 0.7913
0.9939 0.7879
0.9939 0.8053
0.9939 0.8169
0.9939 0.8110
0.9936 0.7948
0.9937 0.8079
0.9940 0.8155
0.9939 0.8145
0.9941 0.8282
0.9943 0.8304
0.9943 0.8228
0.9944 0.8379
0.9944 0.8320
0.9944 0.8365
0.9943 0.8301
0.9945 0.8313
0.9946 0.8308
0.9949 0.8465
0.9950 0.8591
0.9951 0.8469
0.9950 0.8499
0.9952 0.8516
0.9953 0.8520
0.9955 0.8648
0.9954 0.8631
0.9955 0.8652
0.9956 0.8538
0.9958 0.8503
0.9959 0.8624
0.9961 0.8951
0.9962 0.8961
0.9961 0.9048
0.9963 0.9060
0.9961 0.8993
0.9960 0.8942
0.9960 0.8923
0.9959 0.8904
0.9959 0.8897
0.9960 0.8926
0.9959 0.8888
0.9958 0.8835
0.9957 0.8730
0.9956 0.8585
0.9954 0.8509
0.9952 0.8407
0.9950 0.8284
0.9949 0.7663
0.9946 0.7547
0.9944 0.7513
0.9944 0.7474
0.9942 0.7368
0.9941 0.7425
0.9940 0.7487
0.9939 0.7470
0.9939 0.7376
0.9939 0.7336
0.9940 0.7214
0.9940 0.7125
0.9942 0.7158
0.9944 0.7148
0.9946 0.7318
0.9946 0.7378
0.9948 0.7464
0.9949 0.7641
0.9949 0.7751
0.9950 0.8019
0.9951 0.7998
0.9952 0.8086
0.9952 0.8004
0.9952 0.7975
0.9951 0.7918
0.9952 0.8553
0.9951 0.8584
0.9952 0.8623
0.9952 0.8603
0.9953 0.8614
0.9952 0.8644
0.9952 0.8604
0.9953 0.8680
0.9954 0.8694
0.9955 0.8706
0.9954 0.8683
0.9955 0.8655
0.9954 0.8577
0.9954 0.8506
0.9954 0.8524
0.9954 0.8609
0.9954 0.8668
0.9954 0.8607
0.9955 0.8660
0.9954 0.8508
0.9954 0.8501
0.9953 0.8572
0.9953 0.8626
0.9953 0.8614
0.9954 0.8672
0.9954 0.8785
0.9954 0.8716
0.9953 0.8207
0.9954 0.8354
0.9953 0.8377
0.9954 0.8238
0.9953 0.8263
0.9953 0.8263
0.9953 0.8307
0.9953 0.8381
0.9953 0.8428
0.9953 0.8390
0.9953 0.8428
0.9953 0.8486
0.9954 0.8442
0.9955 0.8469
0.9954 0.8427
0.9953 0.8416
0.9954 0.8453
0.9954 0.8545
0.9955 0.8555
0.9955 0.8579
0.9955 0.8612
0.9955 0.8571
0.9955 0.8586
0.9954 0.8549
0.9954 0.8546
0.9955 0.8922
0.9954 0.8868
0.9954 0.8896
0.9953 0.8903
0.9953 0.8960
0.9952 0.8950
0.9952 0.8918
0.9951 0.8966
0.9950 0.8927
0.9951 0.8983
0.9951 0.8999
0.9951 0.8971
0.9952 0.8993
0.9951 0.8953
0.9950 0.8958
0.9951 0.8967
0.9951 0.8917
0.9951 0.8844
0.9950 0.8814
0.9951 0.8842
0.9950 0.8717
0.9950 0.8723
0.9950 0.8726
0.9950 0.8755
0.9950 0.8781
0.9950 0.8745
0.9952 0.8738
0.9952 0.8761
0.9951 0.8796
0.9953 0.8743
0.9953 0.8667
0.9954 0.8638
0.9953 0.8494
0.9953 0.8543
0.9953 0.8454
0.9954 0.8449
0.9954 0.8556
0.9954 0.8390
0.9954 0.8419
0.9955 0.8300
0.9955 0.8267
0.9956 0.8306
0.9955 0.8360
0.9955 0.8398
0.9955 0.8403
0.9955 0.8559
0.9955 0.8523
0.9954 0.8522
0.9955 0.8526
0.9954 0.8576
0.9954 0.8622
0.9954 0.8579
0.9953 0.8500
0.9955 0.8527
0.9953 0.8484
0.9953 0.8501
0.9953 0.8486
0.9953 0.8506
0.9952 0.8457
0.9952 0.8468
0.9952 0.8456
0.9952 0.8443
0.9951 0.8469
0.9952 0.8530
0.9951 0.8599
0.9950 0.8566
0.9950 0.8540
0.9950 0.8482
0.9950 0.8504
0.9950 0.8517
0.9950 0.8503
0.9951 0.8654
0.9951 0.8617
0.9950 0.8587
0.9950 0.8526
0.9951 0.8525
0.9951 0.8592
0.9951 0.8617
0.9952 0.8680
0.9953 0.8745
0.9954 0.8775
0.9955 0.8811
0.9955 0.8824
0.9956 0.8845
0.9956 0.8862
0.9956 0.8898
0.9956 0.8857
0.9955 0.8810
0.9956 0.8811
0.9957 0.8838
0.9957 0.8887
0.9958 0.8892
0.9958 0.8872
0.9959 0.8881
0.9960 0.8899
0.9958 0.8849
0.9959 0.8762
0.9959 0.8751
0.9960 0.8762
0.9960 0.8754
0.9960 0.8719
0.9960 0.8720
0.9960 0.8734
0.9959 0.8733
0.9959 0.8715
0.9958 0.8713
0.9957 0.8647
0.9957 0.8646
0.9957 0.8663
0.9957 0.8579
0.9957 0.8566
0.9957 0.8688
0.9957 0.8715
0.9957 0.8681
0.9957 0.8663
0.9956 0.8659
0.9958 0.8749
0.9957 0.8713
0.9956 0.8711
0.9956 0.8698
0.9956 0.8682
0.9956 0.8804
0.9956 0.8814
0.9956 0.8800
0.9956 0.8810
0.9957 0.8904
0.9957 0.8875
0.9957 0.8834
0.9956 0.8811
0.9956 0.8757
0.9956 0.8761
0.9956 0.8726
0.9956 0.8730
0.9957 0.8720
0.9957 0.8727
0.9956 0.8751
0.9957 0.8755
0.9956 0.8778
0.9956 0.8805
0.9956 0.8841
0.9956 0.8877
0.9956 0.8847
0.9957 0.8947
0.9957 0.8923
0.9957 0.8858
0.9957 0.8922
0.9956 0.8781
0.9956 0.8736
0.9956 0.8717
0.9956 0.8711
0.9956 0.8633
0.9955 0.8596
0.9956 0.8632
0.9956 0.8567
0.9957 0.8649
0.9957 0.8622
0.9957 0.8649
0.9957 0.8519
0.9956 0.8513
0.9956 0.8476
0.9956 0.8353
0.9957 0.8262
0.9958 0.8177
0.9958 0.8189
0.9957 0.8095
0.9957 0.7908
0.9957 0.7922
0.9956 0.7924
0.9957 0.8086
0.9956 0.8088
0.9957 0.7896
0.9957 0.7887
0.9957 0.7907
0.9958 0.8122
0.9957 0.8277
0.9957 0.8282
0.9958 0.8282
0.9958 0.8256
0.9958 0.8294
0.9957 0.8308
0.9956 0.8386
0.9956 0.8522
0.9956 0.8498
0.9956 0.8449
0.9956 0.8469
0.9956 0.8460
0.9955 0.8396
0.9954 0.8375
0.9955 0.8295
0.9954 0.8267
0.9954 0.8242
0.9954 0.8228
0.9955 0.8227
0.9954 0.8385
0.9954 0.8412
0.9954 0.8495
0.9955 0.8606
0.9955 0.8590
0.9954 0.8479
0.9954 0.8494
0.9954 0.8564
0.9954 0.8587
0.9952 0.8541
0.9952 0.8564
0.9952 0.8559
0.9953 0.8552
0.9953 0.8547
0.9953 0.8641
0.9954 0.8696
0.9955 0.8764
0.9955 0.8761
0.9955 0.8742
0.9955 0.8705
0.9955 0.8695
0.9955 0.8741
0.9956 0.8774
0.9956 0.8884
0.9955 0.8880
0.9956 0.8755
0.9956 0.8819
0.9956 0.8808
0.9957 0.8776
0.9957 0.8786
0.9957 0.8831
0.9957 0.8813
0.9958 0.8824
0.9959 0.8870
0.9959 0.8859
0.9959 0.8954
0.9959 0.9024
0.9959 0.8991
0.9959 0.8895
0.9959 0.8835
0.9958 0.8776
0.9958 0.8756
0.9958 0.8810
0.9958 0.8758
0.9956 0.8857
0.9955 0.8852
0.9954 0.8880
0.9954 0.8937
0.9954 0.8853
0.9953 0.8850
0.9952 0.8818
0.9951 0.8791
0.9951 0.8733
0.9951 0.8813
0.9950 0.8802
0.9949 0.8760
0.9949 0.8717
0.9948 0.8607
0.9949 0.8518
0.9949 0.8556
0.9949 0.8454
0.9949 0.8288
0.9948 0.8491
0.9948 0.8651
0.9948 0.8711
0.9950 0.8729
0.9949 0.8655
0.9950 0.8676
0.9950 0.8673
0.9951 0.8642
0.9951 0.8637
0.9952 0.8683
0.9951 0.8654
0.9951 0.8723
0.9952 0.8741
0.9952 0.8739
0.9952 0.8748
0.9952 0.8692
0.9951 0.8647
0.9951 0.8628
0.9951 0.8621
0.9951 0.8599
0.9949 0.8594
0.9949 0.8629
0.9948 0.8700
0.9947 0.8747
0.9947 0.8749
0.9946 0.8606
0.9946 0.8322
0.9946 0.8139
0.9945 0.8094
0.9947 0.8086
0.9944 0.7867
0.9944 0.7902
0.9945 0.7873
0.9946 0.7927
0.9946 0.7825
0.9946 0.7589
0.9946 0.7314
0.9948 0.7479
0.9946 0.7673
0.9947 0.7801
0.9946 0.7865
0.9945 0.7807
0.9945 0.7806
0.9944 0.7894
0.9943 0.7989
0.9943 0.7821
0.9942 0.7800
0.9943 0.7660
0.9943 0.7697
0.9943 0.7684
0.9942 0.7703
0.9942 0.7714
0.9941 0.7706
0.9941 0.7704
0.9941 0.7752
0.9942 0.8025
0.9942 0.8010
0.9941 0.7989
0.9941 0.7987
0.9941 0.8005
0.9941 0.8036
0.9941 0.8036
0.9942 0.7948
0.9943 0.7851
0.9942 0.7777
0.9944 0.7857
0.9945 0.7812
0.9945 0.7775
0.9947 0.7696
0.9946 0.7652
0.9947 0.7643
0.9948 0.7663
0.9947 0.7637
0.9947 0.7618
0.9948 0.7621
0.9948 0.7613
0.9947 0.7569
0.9948 0.7608
0.9948 0.7577
0.9948 0.7616
0.9949 0.7192
0.9949 0.7236
0.9950 0.7269
0.9950 0.7302
0.9950 0.7327
0.9951 0.7352
0.9951 0.7379
0.9951 0.7344
0.9951 0.7309
0.9951 0.7304
0.9950 0.7422
0.9950 0.7369
0.9951 0.7378
0.9950 0.7356
0.9951 0.7375
0.9951 0.7418
0.9950 0.7344
0.9951 0.7448
0.9950 0.7606
0.9950 0.7620
0.9950 0.7541
0.9949 0.7500
0.9949 0.7522
0.9948 0.7476
0.9948 0.7462
0.9948 0.7499
0.9946 0.7460
0.9946 0.7434
0.9945 0.7710
0.9945 0.7791
0.9944 0.7710
0.9945 0.7767
0.9944 0.7792
0.9944 0.7696
0.9944 0.7827
0.9944 0.7768
0.9945 0.7804
0.9944 0.7747
0.9944 0.7685
0.9943 0.7709
0.9943 0.7849
0.9943 0.7933
0.9943 0.7834
0.9944 0.7726
0.9943 0.7747
0.9943 0.7677
0.9944 0.7716
0.9944 0.7690
0.9944 0.7935
0.9944 0.7956
0.9944 0.7977
0.9944 0.8014
0.9945 0.8218
0.9946 0.8033
0.9946 0.8015
0.9946 0.8009
0.9944 0.7959
0.9945 0.7872
0.9945 0.7939
0.9945 0.7755
0.9946 0.7798
0.9946 0.7800
0.9947 0.7846
0.9947 0.7886
0.9947 0.7969
0.9948 0.7808
0.9947 0.7777
0.9946 0.7791
0.9946 0.7819
